0
0
0
0
0
0
0
0
0
0
25847
0
0
25847
0
0
0
0
0
0
0
0
0
0
0
0
0
0
0
0
0
0
0
0
0
0
0
0
0
0
0
0
0
0
0
0
0
0
0
0
0
0
0
0
0
0
0
0
0
0
0
0
0
0
0
0
0
0
0
0
0
0
0
0
0
0
0
0
0
0
0
0
0
0
0
0
0
0
0
0
0
0
0
0
0
0
0
362542
0
409695
0
0
0
411174
0
0
0
0
0
0
0
0
0
0
0
0
367406
0
0
0
0
0
0
0
0
0
0
0
0
0
0
0
0
0
0
0
0
0
0
0
0
0
0
0
0
0
0
0
0
0
0
0
0
0
0
0
0
0
0
0
0
0
0
0
0
0
0
0
0
0
0
0
0
0
0
0
0
0
0
0
0
0
0
0
0
0
0
0
0
0
0
0
0
0
0
0
0
0
0
0
0
0
0
0
0
0
0
0
0
0
0
0
0
0
0
0
0
0
0
0
0
0
0
0
0
0
0
0
0
0
0
0
0
0
0
0
0
0
0
0
0
0
0
0
0
0
0
0
0
0
0
0
0
0
0
0
11010111001101111111111111111111111111111111111111111111111111111111111111111111111111111111111111111111111111111111111111111111111111111110
1101011100110111111111111111111111111111111111111111111111111111111111111111111111111111111111111111111111111111111110
11010110
110101110011011111111111111111111111111111111111111111111111111111111111111111111111111111111111111111111110
110101111111101
1101010
110100
11010111001101111111111111111111111111111111111111111111111111111111111111111111111111111110
110101110010
1101011101
11011
1101011110
11010111110
1100
1101011111110
110101110011011111111111111111111111111111111111111111111111111111111111111111111110
110101111111100111111111111101
1101011111111001111111111110
11010111000
1101011111111000
11010111111110010
11010111111111
1101011111111001110
11010111111110011110
110101111111100111110
1101011111111001111110
11010111111110011111110
110101111110
1101011111111001111111110
11010111111110011111111110
110101111111100111111111110
11010111001101111111111111111111111111111111111111111111111111111111111111111110
1101011111111001111111111111001111111111111111111111111111111111111111111111111111111111110
1101011111111001111111111111111111111111111111111111111111
1101011100111
110101111111100111111111111110
1101011111111001111111111111110
11010111111110011111111111111110
110101111111100111111111111111110
1101011111111001111111111111111110
11010111111110011111111111111111110
110101111111100111111111111111111110
1101011111111001111111111111111111110
110101111111100110
110101111111100111111111111111111111110
1101011111111001111111111111111111111110
11010111111110011111111111111111111111110
110101111111100111111111111111111111111110
1101011111111001111111111111111111111111110
11010111111110011111111111111111111111111110
110101111111100111111111111111111111111111110
1101011111111001111111111111111111111111111110
11010111111110011111111111111111111111111111110
110101111111100111111111111111111111111111111110
1101011111111001111111111111111111111111111111110
110101111111100111111110
110101111111100111111111111111111111111111111111110
1101011111111001111111111111111111111111111111111110
11010111111110011111111111111111111111111111111111110
110101111111100111111111111111111111111111111111111110
1101011111111001111111111111111111111111111111111111110
11010111111110011111111111111111111111111111111111111110
110101111111100111111111111111111111111111111111111111110
110101110011011111111111111111111111111111111111111111111110
110101111111100111111111111111111111111111111111111111111010
11010111111110011111111111111111111111111111111111111111100
11010111001100
1101011111111001111111111111000
11010111111110011111111111110010
110101111111100111111111111100110
1101011111111001111111111111001110
11010111111110011111111111110011110
110101111111100111111111111100111110
1101011111111001111111111111001111110
11010111111110011111111111110011111110
110101111111100111111111111100111111110
1101011111111001111111111111001111111110
11010111111110011111111111110011111111110
110101111111100111111111111100111111111110
1101011111111001111111111111001111111111110
11010111111110011111111111110011111111111110
110101111111100111111111111100111111111111110
1101011111111001111111111111001111111111111110
11010111111110011111111111110011111111111111110
110101111111100111111111111100111111111111111110
1101011111111001111111111111001111111111111111110
11010111111110011111111111110011111111111111111110
11010111111110011111111111111111111110
1101011111111001111111111111001111111111111111111110
11010111111110011111111111110011111111111111111111110
110101111111100111111111111100111111111111111111111110
1101011111111001111111111111001111111111111111111111110
11010111111110011111111111110011111111111111111111111110
110101111111100111111111111100111111111111111111111111110
1101011111111001111111111111001111111111111111111111111110
11010111111110011111111111110011111111111111111111111111110
110101111111100111111111111100111111111111111111111111111110
111
11010111111110011111111111110011111111111111111111111111111110
01
1101011111111001111111111111001111111111111111111111111111111110
11010111111110011111111111110011111111111111111111111111111111110
110101111111100111111111111100111111111111111111111111111111111110
10
11010111111110011111111111110011111111111111111111111111111111111110
110101111111100111111111111100111111111111111111111111111111111111110
1101011111111001111111111111001111111111111111111111111111111111111110
11010111111110011111111111110011111111111111111111111111111111111111110
110101111111100111111111111100111111111111111111111111111111111111111110
1101011111111001111111111111001111111111111111111111111111111111111111110
11010111111110011111111111110011111111111111111111111111111111111111111110
11010111111110011111111111111111111111111111111110
1101011111111001111111111111001111111111111111111111111111111111111111111110
11010111111110011111111111110011111111111111111111111111111111111111111111110
110101111111100111111111111100111111111111111111111111111111111111111111111110
1101011111111001111111111111001111111111111111111111111111111111111111111111110
00
110101111111100111111111111100111111111111111111111111111111111111111111111111110
1101011111111001111111111111001111111111111111111111111111111111111111111111111110
11010111111110011111111111110011111111111111111111111111111111111111111111111111110
110101111111100111111111111100111111111111111111111111111111111111111111111111111110
1101011111111001111111111111001111111111111111111111111111111111111111111111111111110
11010111111110011111111111110011111111111111111111111111111111111111111111111111111110
110101111111100111111111111100111111111111111111111111111111111111111111111111111111110
1101011111111001111111111111001111111111111111111111111111111111111111111111111111111110
11010111111110011111111111110011111111111111111111111111111111111111111111111111111111110
110101111111100111111111111100111111111111111111111111111111111111111111111111111111111110
11010111111110011111111111110011111111111111111111111111111111111111111111111111111111111110
11010111111110011111111111110011111111111111111111111111111111111111111111111111111111111111
110101111111100111111111111111111111111111111111111111111011
110101110011010
1101011100110110
11010111001101110
110101110011011110
1101011100110111110
11010111001101111110
110101110011011111110
1101011100110111111110
11010111001101111111110
110101110011011111111110
1101011100110111111111110
11010111001101111111111110
110101110011011111111111110
1101011100110111111111111110
11010111001101111111111111110
110101110011011111111111111110
1101011100110111111111111111110
11010111001101111111111111111110
110101110011011111111111111111110
1101011100110111111111111111111110
11010111001101111111111111111111110
110101110011011111111111111111111110
1101011100110111111111111111111111110
11010111001101111111111111111111111110
110101110011011111111111111111111111110
1101011100110111111111111111111111111110
11010111001101111111111111111111111111110
110101110011011111111111111111111111111110
1101011100110111111111111111111111111111110
11010111001101111111111111111111111111111110
110101110011011111111111111111111111111111110
1101011100110111111111111111111111111111111110
11010111001101111111111111111111111111111111110
110101110011011111111111111111111111111111111110
1101011100110111111111111111111111111111111111110
11010111001101111111111111111111111111111111111110
110101110011011111111111111111111111111111111111110
1101011100110111111111111111111111111111111111111110
11010111001101111111111111111111111111111111111111110
110101110011011111111111111111111111111111111111111110
1101011100110111111111111111111111111111111111111111110
11010111001101111111111111111111111111111111111111111110
110101110011011111111111111111111111111111111111111111110
1101011100110111111111111111111111111111111111111111111110
11010111001101111111111111111111111111111111111111111111110
110101111111100111111111111100111111111111111111110
1101011100110111111111111111111111111111111111111111111111110
11010111001101111111111111111111111111111111111111111111111110
110101110011011111111111111111111111111111111111111111111111110
1101011100110111111111111111111111111111111111111111111111111110
11010111001101111111111111111111111111111111111111111111111111110
110101110011011111111111111111111111111111111111111111111111111110
1101011100110111111111111111111111111111111111111111111111111111110
11010111001101111111111111111111111111111111111111111111111111111110
110101110011011111111111111111111111111111111111111111111111111111110
1101011100110111111111111111111111111111111111111111111111111111111110
11010111001101111111111111111111111111111111111111111111111111111111110
110101110011011111111111111111111111111111111111111111111111111111111110
1101011100110111111111111111111111111111111111111111111111111111111111110
11010111001101111111111111111111111111111111111111111111111111111111111110
110101110011011111111111111111111111111111111111111111111111111111111111110
1101011100110111111111111111111111111111111111111111111111111111111111111110
11010111001101111111111111111111111111111111111111111111111111111111111111110
110101110011011111111111111111111111111111111111111111111111111111111111111110
1101011100110111111111111111111111111111111111111111111111111111111111111111110
1101011111111001111111111111001111111111111111111111111111110
110101110011011111111111111111111111111111111111111111111111111111111111111111110
1101011100110111111111111111111111111111111111111111111111111111111111111111111110
11010111001101111111111111111111111111111111111111111111111111111111111111111111110
110101111111100111111111111100111111111111111111111111111111110
1101011100110111111111111111111111111111111111111111111111111111111111111111111111110
11010111001101111111111111111111111111111111111111111111111111111111111111111111111110
110101110011011111111111111111111111111111111111111111111111111111111111111111111111110
1101011100110111111111111111111111111111111111111111111111111111111111111111111111111110
11010111001101111111111111111111111111111111111111111111111111111111111111111111111111110
110101110011011111111111111111111111111111111111111111111111111111111111111111111111111110
1101011100110111111111111111111111111111111111111111111111111111111111111111111111111111110
1101011111111001111111111111001111111111111111111111111111111111110
110101110011011111111111111111111111111111111111111111111111111111111111111111111111111111110
1101011100110111111111111111111111111111111111111111111111111111111111111111111111111111111110
11010111001101111111111111111111111111111111111111111111111111111111111111111111111111111111110
110101110011011111111111111111111111111111111111111111111111111111111111111111111111111111111110
1101011100110111111111111111111111111111111111111111111111111111111111111111111111111111111111110
11010111001101111111111111111111111111111111111111111111111111111111111111111111111111111111111110
110101110011011111111111111111111111111111111111111111111111111111111111111111111111111111111111110
1101011100110111111111111111111111111111111111111111111111111111111111111111111111111111111111111110
11010111001101111111111111111111111111111111111111111111111111111111111111111111111111111111111111110
110101110011011111111111111111111111111111111111111111111111111111111111111111111111111111111111111110
1101011100110111111111111111111111111111111111111111111111111111111111111111111111111111111111111111110
11010111001101111111111111111111111111111111111111111111111111111111111111111111111111111111111111111110
110101110011011111111111111111111111111111111111111111111111111111111111111111111111111111111111111111110
1101011100110111111111111111111111111111111111111111111111111111111111111111111111111111111111111111111110
11010111001101111111111111111111111111111111111111111111111111111111111111111111111111111111111111111111110
110101111111100111111111111100111111111111111111111111111111111111111111110
1101011100110111111111111111111111111111111111111111111111111111111111111111111111111111111111111111111111110
11010111001101111111111111111111111111111111111111111111111111111111111111111111111111111111111111111111111110
110101110011011111111111111111111111111111111111111111111111111111111111111111111111111111111111111111111111110
1101011100110111111111111111111111111111111111111111111111111111111111111111111111111111111111111111111111111110
11010111001101111111111111111111111111111111111111111111111111111111111111111111111111111111111111111111111111110
110101110011011111111111111111111111111111111111111111111111111111111111111111111111111111111111111111111111111110
1101011100110111111111111111111111111111111111111111111111111111111111111111111111111111111111111111111111111111110
11010111001101111111111111111111111111111111111111111111111111111111111111111111111111111111111111111111111111111110
110101110011011111111111111111111111111111111111111111111111111111111111111111111111111111111111111111111111111111110
11010111111110011111111111110011111111111111111111111111111111111111111111111110
11010111001101111111111111111111111111111111111111111111111111111111111111111111111111111111111111111111111111111111110
110101110011011111111111111111111111111111111111111111111111111111111111111111111111111111111111111111111111111111111110
1101011100110111111111111111111111111111111111111111111111111111111111111111111111111111111111111111111111111111111111110
11010111001101111111111111111111111111111111111111111111111111111111111111111111111111111111111111111111111111111111111110
110101110011011111111111111111111111111111111111111111111111111111111111111111111111111111111111111111111111111111111111110
1101011100110111111111111111111111111111111111111111111111111111111111111111111111111111111111111111111111111111111111111110
11010111001101111111111111111111111111111111111111111111111111111111111111111111111111111111111111111111111111111111111111110
110101110011011111111111111111111111111111111111111111111111111111111111111111111111111111111111111111111111111111111111111110
1101011100110111111111111111111111111111111111111111111111111111111111111111111111111111111111111111111111111111111111111111110
11010111001101111111111111111111111111111111111111111111111111111111111111111111111111111111111111111111111111111111111111111110
110101110011011111111111111111111111111111111111111111111111111111111111111111111111111111111111111111111111111111111111111111110
1101011100110111111111111111111111111111111111111111111111111111111111111111111111111111111111111111111111111111111111111111111110
11010111001101111111111111111111111111111111111111111111111111111111111111111111111111111111111111111111111111111111111111111111110
110101110011011111111111111111111111111111111111111111111111111111111111111111111111111111111111111111111111111111111111111111111110
1101011100110111111111111111111111111111111111111111111111111111111111111111111111111111111111111111111111111111111111111111111111110
11010111001101111111111111111111111111111111111111111111111111111111111111111111111111111111111111111111111111111111111111111111111110
110101110011011111111111111111111111111111111111111111111111111111111111111111111111111111111111111111111111111111111111111111111111110
1101011100110111111111111111111111111111111111111111111111111111111111111111111111111111111111111111111111111111111111111111111111111110
11010111001101111111111111111111111111111111111111111111111111111111111111111111111111111111111111111111111111111111111111111111111111110
110101110011011111111111111111111111111111111111111111111111111111111111111111111111111111111111111111111111111111111111111111111111111110
1101011100110111111111111111111111111111111111111111111111111111111111111111111111111111111111111111111111111111111111111111111111111111110
11010111001101111111111111111111111111111111111111111111111111111111111111111111111111111111111111111111111111111111111111111111111111111111